B         [39,24, 2, 3,25,34,44,23, 9,38,31,15,20,47, 5,16,26,42,18,21,37, 8,30,43,29,36,17, 6,35,11, 1,27, 7,19,10, 0,22,41, 4,46,45,32,14,12,13,33,40,28,  ]
RawFitness        25021

Gen                 AvgFit              BestFit			AvgStd
0              50099.82            40941.52            3375.22             
1              49005.98            40294.62            3225.77             
2              48101.9             39966.84            3073.46             
3              47446.3             39306.14            3057.25             
4              46782.58            38558.32            3014.08             
5              46169.88            38190.14            3045.93             
6              45699.69            37877.4             3052.46             
7              45170.26            37405.04            3015.14             
8              44724.9             36969.94            3002.97             
9              44383.94            36471.28            3040.99             
10             44072.34            36406.34            3048.15             
11             43738.04            36166.06            3023.01             
12             43462.05            35652.28            3074.98             
13             43163.69            35491.5             3084.3              
14             42896.14            35230.32            3049.72             
15             42732.22            35130.32            3060.03             
16             42510.73            35091.78            3019.01             
17             42300.26            34755.8             2958.22             
18             42155.95            34421.76            3004.65             
19             41971.33            34236.88            3002.38             
20             41888.36            34235.04            3041.76             
21             41772.97            34209.3             3058.38             
22             41664.99            34064.58            3052.38             
23             41533.62            33998.02            3048.75             
24             41445.31            34010.46            3029.38             
25             41350.62            33805.04            3019.73             
26             41220.07            33811.56            2993.79             
27             41111.32            33750.14            3026.49             
28             40957.33            33702.74            2992.39             
29             40899.55            33823.12            2944.23             
30             40830.77            33398.06            2954.17             
31             40728.77            33106.68            2977.26             
32             40651.37            33089.44            3018.92             
33             40650.39            33180.3             2989.16             
34             40595.43            33493.92            3006.15             
35             40546.51            33142.24            3045.22             
36             40491.81            33147.84            3015.08             
37             40509.38            33116.64            3015.24             
38             40479.49            32879.52            3006.78             
39             40472.26            32924.52            3053.23             
40             40443.96            32954.56            3015.39             
41             40349.62            32978.06            3058.04             
42             40312.05            32786.72            3062.58             
43             40258.25            32740.2             3052.04             
44             40222.79            32564.58            3057.93             
45             40173.15            32517.56            3112.39             
46             40076.23            32311.98            3121.65             
47             39992.69            32462.66            3066.47             
48             39972.06            32707.48            3061.01             
49             39964.76            32603.38            3065.7              
50             39854.75            32577.4             3056.11             
51             39813.65            32618.12            3023.11             
52             39710.62            32515.36            2966.3              
53             39817.68            32377.92            2982.21             
54             39740.02            32410.36            2974.56             
55             39750.75            32651.02            2953.93             
56             39770.0             32606.7             3020.33             
57             39726.08            32395.22            3004.43             
58             39682.1             32199.74            2998.05             
59             39661.34            32376.92            2995.95             
60             39691.49            32240.26            3024.76             
61             39672.19            32501.48            3049.27             
62             39583.9             32202.62            2991.02             
63             39564.61            32074.22            2989.53             
64             39562.44            31892.06            3016.1              
65             39503.63            32018.92            3020.43             
66             39480.97            32284.0             2999.67             
67             39423.24            31868.92            3010.65             
68             39471.57            31912.8             3070.37             
69             39402.6             31922.1             3052.68             
70             39402.48            32305.74            3021.54             
71             39413.85            31989.7             3031.36             
72             39463.75            32105.3             2971.96             
73             39406.43            32181.58            2989.26             
74             39427.45            32105.7             3012.19             
75             39522.96            31878.72            3039.84             
76             39531.3             31976.58            3013.11             
77             39475.97            31839.68            3044.08             
78             39392.89            31933.72            3056.45             
79             39303.34            32004.54            2999.93             
80             39341.58            32157.8             2983.02             
81             39347.45            32187.6             2994.18             
82             39319.93            32214.04            2943.14             
83             39273.9             32169.3             2964.68             
84             39245.62            32182.78            2953.79             
85             39231.84            32144.86            2944.79             
86             39231.22            32215.48            2981.53             
87             39242.87            32161.4             3020.11             
88             39222.18            32287.72            3021.65             
89             39173.14            31914.7             2975.11             
90             39231.38            31904.4             3013.84             
91             39180.04            31944.06            3003.16             
92             39196.07            32218.46            2954.41             
93             39225.08            32078.62            2998.05             
94             39169.3             31832.32            2994.19             
95             39131.68            31758.04            3028.37             
96             39144.1             31638.96            3033.46             
97             39073.42            31661.14            3016.32             
98             39133.91            31659.94            3075.53             
99             39123.77            31952.82            3024.95             
100            39175.4             31976.54            3039.02             
101            39160.28            31590.56            3038.05             
102            39116.76            31727.62            3023.15             
103            39075.66            31739.16            3038.39             
104            39098.02            32088.82            2982.46             
105            39074.65            31827.14            3016.3              
106            39001.68            31770.6             2997.56             
107            39044.4             31771.54            3031.2              
108            39090.9             31724.02            3064.96             
109            39079.25            31743.74            3058.41             
110            39018.76            31356.04            3108.79             
111            38936.42            31438.64            3067.51             
112            38964.08            31517.64            3100.06             
113            38911.75            31438.62            3074.22             
114            38871.1             31238.78            3075.35             
115            38816.91            31065.96            3121.29             
116            38734.21            31282.84            3046.28             
117            38804.92            31487.68            3072.66             
118            38807.06            31597.24            3022.54             
119            38805.24            31301.92            3024.83             
120            38874.86            31432.6             3076.22             
121            38867.32            31487.7             3023.72             
122            38818.47            31498.9             3012.65             
123            38855.57            31468.84            2974.6              
124            38813.08            31625.82            3008.88             
125            38840.08            31328.64            3056.36             
126            38812.9             31386.06            3026.8              
127            38749.23            31267.46            3038.0              
128            38764.33            31121.78            3060.5              
129            38787.6             31192.14            3047.35             
130            38769.59            31140.44            3057.92             
131            38755.96            31498.54            3095.13             
132            38693.42            31362.76            3035.07             
133            38726.89            31222.98            3053.52             
134            38757.03            31308.5             3065.4              
135            38751.83            31298.44            3056.07             
136            38773.83            31254.28            3014.03             
137            38779.26            31339.14            2994.57             
138            38867.02            31567.88            3007.4              
139            38867.98            31223.32            3019.17             
140            38915.2             31382.74            3012.88             
141            38921.43            31548.72            2994.7              
142            38933.24            31663.38            2960.82             
143            38980.53            31687.44            3039.14             
144            38919.34            31605.84            3042.85             
145            38909.38            31523.96            3094.37             
146            38953.25            31586.86            3074.62             
147            38918.78            31687.82            3020.03             
148            38883.69            31504.28            3046.81             
149            38861.63            31859.6             3044.3              
150            38854.11            31748.78            3013.13             
151            38898.24            31658.98            3032.15             
152            38885.98            31758.78            3020.0              
153            38915.6             31539.68            3013.38             
154            38892.8             31372.1             3000.85             
155            38928.42            31911.42            2993.79             
156            38947.88            31743.96            3025.25             
157            38970.2             31560.14            2976.66             
158            39041.71            31600.54            3008.07             
159            39043.87            31544.74            3037.53             
160            39032.29            31502.48            3035.13             
161            38993.43            31727.28            3042.34             
162            39006.58            31530.0             3051.95             
163            39022.77            31580.92            3036.35             
164            38992.44            31737.54            3038.63             
165            38976.42            31443.64            3030.02             
166            38903.13            31327.1             3015.11             
167            38879.94            31296.9             3062.73             
168            38856.72            31409.68            3039.82             
169            38915.24            31379.3             3019.99             
170            38918.39            31661.88            3011.08             
171            38955.83            31764.22            3022.96             
172            38966.11            31624.42            2997.34             
173            38977.35            31592.42            3045.97             
174            38943.4             31585.24            3010.94             
175            38914.3             31690.42            3018.35             
176            38865.09            31624.02            3028.19             
177            38906.34            31710.48            3021.79             
178            38832.32            31601.04            3021.27             
179            38807.97            31688.92            3049.4              
180            38777.83            31629.18            3000.86             
181            38718.99            31519.56            3004.08             
182            38651.25            31584.48            3028.4              
183            38669.4             31269.08            3028.9              
184            38630.16            31424.44            3003.44             
185            38628.28            31328.92            3005.3              
186            38474.18            31451.48            2964.91             
187            38456.86            31353.04            2946.27             
188            38469.63            31126.72            2961.44             
189            38459.88            31038.28            2970.03             
190            38450.39            31141.32            2979.43             
191            38439.02            31084.9             2982.09             
192            38360.21            31183.14            2993.79             
193            38392.57            31218.0             2993.11             
194            38417.16            31437.46            3009.24             
195            38446.36            31511.44            3004.88             
196            38380.87            31299.2             3002.56             
197            38318.81            31225.9             3007.47             
198            38329.03            31452.32            2974.55             
199            38334.28            31688.96            2950.05             
200            38350.26            31336.7             2963.05             
201            38376.71            31366.32            2946.23             
202            38387.53            31271.14            2974.94             
203            38422.05            31186.94            2983.12             
204            38412.12            31181.42            2974.86             
205            38529.98            31254.24            3002.82             
206            38443.13            31200.76            2962.96             
207            38531.86            31171.74            2956.39             
208            38566.62            31208.26            3003.65             
209            38627.77            31272.54            3073.06             
210            38532.25            31293.34            3036.44             
211            38603.85            31229.28            3043.4              
212            38653.3             31580.4             3001.24             
213            38687.78            31314.98            3031.87             
214            38610.89            31260.72            3068.27             
215            38606.12            31257.24            3059.79             
216            38586.07            31445.7             3033.7              
217            38619.16            31253.76            3080.02             
218            38668.73            31393.6             3055.24             
219            38697.71            31527.22            3031.05             
220            38760.63            31708.06            3015.95             
221            38815.08            31525.64            2967.19             
222            38886.28            31600.44            2959.46             
223            38953.85            31786.9             3005.43             
224            39020.15            31655.36            3039.94             
225            39003.42            31800.26            3008.63             
226            38966.18            31682.2             3035.45             
227            38975.51            31859.0             3041.84             
228            39036.75            31834.78            2996.83             
229            38968.27            31667.26            3011.04             
230            39045.75            31828.64            3057.69             
231            39053.83            31835.92            2996.39             
232            39002.14            31943.04            3012.46             
233            38998.66            31633.74            2971.28             
234            39019.46            31598.1             2962.27             
235            39018.31            31485.72            3005.85             
236            39017.0             31564.08            3026.77             
237            39046.11            31870.44            3028.8              
238            38989.35            31835.68            3047.98             
239            38970.66            31742.56            3035.39             
240            38997.67            31760.38            3028.74             
241            38958.3             31727.74            3038.24             
242            38947.31            31947.44            2926.39             
243            38978.76            32033.72            2964.31             
244            38999.29            31980.1             2989.15             
245            38916.69            31896.68            2969.03             
246            38910.77            32162.96            2974.2              
247            38883.19            32010.58            2932.02             
248            38961.43            31832.84            2951.05             
249            38957.44            31730.8             2962.91             

